-0.000800  0.008300  0.004100  0.000040
 0.012200  0.003500  0.000200  0.000040
 0.001900  0.001200  0.001800  0.000040
 0.002700  0.005000 -0.000700  0.000040
 0.004800  0.003300  0.006200  0.000040
-0.006300  0.000300  0.002700  0.000040
 0.005200  0.008400  0.000400  0.000040
-0.004600  0.001500  0.002500  0.000040
 0.007200 -0.000800  0.004100  0.000040
 0.001100  0.000100 -0.003300  0.000040
 0.006900  0.001000  0.004600  0.000040
 0.002600  0.011700  0.004800  0.000040
 0.005600 -0.010900  0.004200  0.000040
-0.002900 -0.005400  0.000300  0.000040
-0.001400  0.009000 -0.004400  0.000040
 0.010500 -0.001200 -0.003600  0.000040
-0.008600 -0.000500  0.000300  0.000040
-0.014200 -0.003400 -0.003900  0.000040
 0.001300 -0.009500 -0.007900  0.000040
-0.000700  0.003000  0.002900  0.000040
 0.002900 -0.003400 -0.003400  0.000030
 0.000100 -0.001700 -0.001000  0.000030
-0.010000 -0.015100 -0.003700  0.000030
 0.002200  0.005400  0.000500  0.000030
 0.014300  0.010700  0.002800  0.000030
-0.000400  0.003200  0.003900  0.000030
 0.005800  0.005100  0.002300  0.000030
 0.010200 -0.002500 -0.002100  0.000030
-0.004600 -0.001000 -0.002300  0.000030
-0.005400 -0.006900 -0.000700  0.000030
 0.009800  0.003100  0.005200  0.000030
-0.004500 -0.001000  0.000400  0.000030
-0.005400 -0.009600 -0.000300  0.000030
-0.003600 -0.001000 -0.003000  0.000030
-0.005100 -0.011700 -0.001500  0.000030
-0.001000  0.003200 -0.002000  0.000030
 0.005100  0.005200  0.001300  0.000030
 0.002900  0.004800  0.002800  0.000030
 0.001500  0.002100  0.004300  0.000030
 0.010200  0.004900  0.002700  0.000040
-0.005700 -0.000900  0.000700  0.000040
 0.001200 -0.001800 -0.002700  0.000040
 0.004500  0.007800  0.001300  0.000040
 0.002900 -0.001100 -0.001700  0.000040
-0.008100 -0.003600  0.002100  0.000040
-0.006700 -0.004200 -0.002600  0.000040
-0.015200 -0.002900 -0.003100  0.000040
-0.014000  0.003800 -0.001200  0.000040
 0.012700  0.009500  0.002200  0.000040
-0.015600 -0.010300 -0.001100  0.000040
 0.004600 -0.006000 -0.001100  0.000040
 0.012400  0.007100  0.003000  0.000040
-0.001500 -0.004800  0.001300  0.000040
-0.009500  0.003300  0.003000  0.000040
-0.014100 -0.006300 -0.001000  0.000040
-0.000700  0.004000 -0.000500  0.000040
-0.003400 -0.000600 -0.003100  0.000040
 0.016600  0.007400 -0.004700  0.000040
 0.000300  0.002500  0.005800  0.000040
 0.013100  0.005900 -0.003200  0.000040
 0.005100  0.004600  0.002600  0.000040
 0.000200  0.001100  0.001700  0.000040
 0.006600  0.002200  0.000000  0.000040
 0.008600  0.008300 -0.000200  0.000040
 0.006500  0.000700 -0.003100  0.000040
-0.003500 -0.007700  0.002800  0.000040
-0.004300  0.009300 -0.002400  0.000040
-0.002000 -0.002700  0.001100  0.000040
 0.003900  0.002000 -0.002800  0.000040
-0.015000 -0.006000 -0.002100  0.000040
-0.003400 -0.003700 -0.002300  0.000040
-0.000100 -0.003000 -0.001100  0.000040
 0.004800 -0.000800  0.002100  0.000040
 0.002200  0.004900 -0.003500  0.000040
-0.015500 -0.002900  0.001100  0.000040
 0.005400  0.004700 -0.000300  0.000040
 0.014500  0.000400  0.000600  0.000040
-0.000300 -0.002100 -0.001000  0.000040
-0.003200 -0.001300 -0.001100  0.000040
 0.001200 -0.000900 -0.000800  0.000040
-0.015900 -0.009200  0.000100  0.000040
-0.008800 -0.008500 -0.005200  0.000040
-0.006500 -0.008100  0.000700  0.000040
 0.008500  0.000000 -0.003900  0.000030
 0.003500  0.004900  0.000800  0.000030
 0.002400 -0.001000 -0.003300  0.000030
-0.008400 -0.003800 -0.001900  0.000030
-0.016000 -0.006100 -0.005200  0.000030
-0.013800 -0.005200 -0.004800  0.000030
 0.009900  0.008400  0.001500  0.000030
 0.001100 -0.002000 -0.000800  0.000030
-0.000900 -0.002800  0.000000  0.000030
-0.001400 -0.006800  0.002200  0.000030
-0.010800 -0.003600 -0.004100  0.000030
 0.007800  0.003000  0.003500  0.000030
-0.001200  0.000600  0.003700  0.000030
 0.000400 -0.001600  0.002400  0.000030
 0.004400  0.003900  0.000300  0.000030
 0.003700  0.006800  0.006000  0.000030
 0.016300  0.005800  0.001000  0.000030
 0.002700  0.001200  0.000200  0.000030
 0.005600 -0.002600 -0.001500  0.000030
 0.000300 -0.000300  0.001600  0.000030
 0.001300  0.006200 -0.000300  0.000040
 0.002900 -0.002400 -0.001600  0.000040
-0.008600 -0.008800 -0.000900  0.000040
 0.006000  0.003100  0.000500  0.000040
 0.015500  0.001700  0.003600  0.000040
 0.000600 -0.001700 -0.000400  0.000040
-0.010800 -0.004900  0.000900  0.000040
 0.003500 -0.002900  0.004100  0.000040
-0.011100 -0.005600 -0.004300  0.000040
 0.007900  0.009300  0.002500  0.000040
 0.001300  0.001800  0.000900  0.000040
-0.000500 -0.000200  0.002300  0.000040
 0.002100 -0.001900  0.002400  0.000040
-0.003700  0.001300  0.001200  0.000040
 0.003800  0.002300  0.000000  0.000040
 0.008800  0.004900  0.002600  0.000040
-0.002000  0.000900  0.000000  0.000040
-0.002000  0.011700  0.001200  0.000040
-0.002300 -0.000300 -0.001700  0.000040
 0.002700  0.005300  0.000100  0.000040
 0.005400  0.001100  0.003100  0.000040
-0.010000 -0.005200  0.006400  0.000050
-0.001900  0.001700  0.004300  0.000050
-0.009000 -0.008600  0.010900  0.000050
 0.001900 -0.003000  0.001900  0.000050
-0.009300 -0.009700  0.003800  0.000050
 0.003200  0.001600 -0.001200  0.000050
 0.000000 -0.004800  0.004100  0.000050
 0.000500  0.000900 -0.000200  0.000050
-0.002700 -0.003600  0.006100  0.000050
-0.003300  0.006000  0.001700  0.000050
-0.004700 -0.007400  0.007200  0.000050
-0.000600 -0.002200  0.005900  0.000050
 0.007400  0.008700 -0.007100  0.000050
-0.014500 -0.011900  0.006800  0.000050
 0.000800 -0.004900 -0.004800  0.000050
-0.010200 -0.004600  0.008700  0.000050
-0.004700 -0.007000  0.002100  0.000050
 0.010300  0.009400 -0.005300  0.000050
-0.000200 -0.005600  0.003300  0.000050
 0.006600  0.009300 -0.005800  0.000050
 0.001400  0.001900 -0.003000  0.000050
 0.003500 -0.005200  0.005500  0.000050
-0.006700 -0.008700  0.008800  0.000050
-0.002300  0.000700 -0.002200  0.000050
-0.016000 -0.002200  0.004800  0.000050
-0.015000 -0.008700  0.007900  0.000050
 0.000100 -0.003600  0.001000  0.000050
 0.013100  0.007900 -0.005000  0.000050
-0.003400 -0.003600  0.001400  0.000050
-0.011700 -0.005100  0.003000  0.000050
 0.001900 -0.000300  0.000800  0.000050
 0.013900  0.003900 -0.000300  0.000050
 0.002900  0.001400 -0.007100  0.000050
 0.012800  0.007400 -0.007000  0.000050
-0.003200 -0.002500  0.002000  0.000050
 0.008100  0.009200 -0.003200  0.000050
-0.003500 -0.003700 -0.003100  0.000050
 0.000500  0.001600  0.000700  0.000050
 0.007900  0.001200 -0.004500  0.000050
-0.000400 -0.004900  0.003700  0.000050
 0.002900  0.005100 -0.002000  0.000050
-0.008200 -0.004400  0.003700  0.000050
 0.005000  0.000000  0.002400  0.000050
 0.003400  0.005200 -0.003200  0.000050
 0.010500  0.002800 -0.002500  0.000050
-0.004300 -0.002400  0.004100  0.000050
 0.007400  0.003100  0.000200  0.000050
-0.004600 -0.003500  0.000800  0.000050
 0.003100  0.012000 -0.003300  0.000050
 0.004900  0.001600 -0.007000  0.000050
 0.003100  0.003900 -0.004800  0.000050
 0.001900 -0.004400 -0.002200  0.000050
-0.006400  0.001700  0.003800  0.000050
 0.004100  0.004600  0.003300  0.000050
 0.003300 -0.005400  0.000500  0.000050
-0.004700  0.001300  0.002100  0.000050
 0.007400  0.003500 -0.000700  0.000050
-0.013000 -0.005000  0.006600  0.000050
-0.003500  0.003800 -0.000800  0.000050
 0.001500 -0.002000  0.004400  0.000050
-0.006800 -0.006500  0.004500  0.000050
 0.006500  0.006200 -0.001800  0.000050
 0.004700  0.006400 -0.006600  0.000050
 0.001200  0.000900  0.005600  0.000050
 0.014700  0.005700 -0.001600  0.000050
 0.003600  0.003700 -0.001900  0.000050
-0.000600 -0.002100  0.002100  0.000050
 0.006900  0.001300  0.001900  0.000050
-0.010300 -0.005800  0.002500  0.000050
-0.006700 -0.004700  0.006900  0.000050
 0.001700  0.001800 -0.005100  0.000050
-0.002400 -0.000400  0.002200  0.000050
-0.007400 -0.003800 -0.005100  0.000050
-0.008200  0.000600 -0.000700  0.000050
 0.004700  0.002700  0.000300  0.000050
 0.004400  0.000000 -0.008900  0.000050
-0.008700  0.001000 -0.005100  0.000050
 0.001800  0.005300 -0.000500  0.000050
 0.004400  0.008000 -0.001200  0.000050
-0.009300 -0.005900  0.006800  0.000050
-0.000200  0.006600  0.005400  0.000050
 0.013000 -0.005300  0.005100  0.000050
 0.012500  0.003600 -0.013800  0.000050
 0.001100 -0.003100 -0.002100  0.000050
 0.002300 -0.005000  0.002900  0.000050
 0.000700  0.003600  0.000300  0.000070
-0.000100 -0.000900 -0.001900  0.000070
 0.011600  0.004500  0.000400  0.000070
 0.014200 -0.006300  0.003000  0.000070
 0.003800  0.002800 -0.004000  0.000070
-0.001300 -0.002300 -0.000100  0.000070
 0.000500  0.006800 -0.000100  0.000070
 0.000500  0.004700  0.002600  0.000070
 0.008900  0.001200 -0.003000  0.000070
 0.008800  0.000000 -0.000300  0.000070
 0.000400  0.003300 -0.003700  0.000070
-0.006100 -0.001700  0.003500  0.000070
 0.006000  0.003100 -0.001200  0.000070
 0.000100 -0.001900  0.001600  0.000070
-0.010000 -0.001800  0.009100  0.000070
 0.006100  0.004700  0.004000  0.000070
 0.000800  0.002800  0.003900  0.000070
 0.005100  0.003100  0.001400  0.000070
 0.001700  0.001700  0.003300  0.000070
-0.002300  0.008400 -0.002100  0.000070
-0.003400  0.002100  0.000700  0.000070
 0.014000  0.000900 -0.010400  0.000070
-0.001700  0.001400 -0.007800  0.000070
 0.001200 -0.001800  0.002100  0.000070
-0.001300 -0.003800 -0.000600  0.000070
-0.011700 -0.008800  0.003700  0.000070
 0.004000  0.003900 -0.003300  0.000070
 0.004100 -0.007300  0.001300  0.000070
-0.000400  0.004600  0.002100  0.000070
 0.008400  0.000100 -0.000500  0.000070
 0.004200  0.005100 -0.001800  0.000070
 0.003700  0.003900  0.004600  0.000070
-0.003300 -0.004100  0.003000  0.000070
-0.004400  0.005000  0.004600  0.000070
-0.000900 -0.006100  0.004600  0.000070
 0.008900  0.002500 -0.000700  0.000070
 0.003400  0.000600 -0.003000  0.000070
 0.001000  0.002000 -0.001900  0.000070
-0.004000 -0.002000 -0.000300  0.000070
 0.008000  0.007400 -0.001300  0.000070
 0.000600 -0.000700  0.000300  0.000070
 0.000600 -0.000500 -0.001200  0.000070
-0.001100  0.000000  0.002000  0.000070
-0.010100 -0.005600 -0.001900  0.000080
-0.012900 -0.005700  0.004900  0.000080
-0.006200 -0.010600  0.000100  0.000080
 0.003400 -0.001400  0.001700  0.000080
-0.002300 -0.007500 -0.000300  0.000080
 0.004100  0.002400  0.001600  0.000080
-0.006400 -0.003200  0.003500  0.000080
 0.004100 -0.000800 -0.000200  0.000080
-0.006900  0.001300  0.005300  0.000080
 0.006200  0.005100  0.000600  0.000080
 0.009100  0.001800 -0.002400  0.000080
-0.009000 -0.001600  0.004800  0.000080
-0.007500 -0.001400 -0.000100  0.000080
-0.004700  0.003000  0.003100  0.000080
-0.005000 -0.007700  0.006700  0.000080
 0.002600  0.001500 -0.003600  0.000080
 0.006300  0.009000 -0.001400  0.000080
 0.000600  0.001800  0.001500  0.000080
-0.002900 -0.002500  0.001200  0.000080
 0.009400  0.007700  0.000700  0.000080
 0.006800 -0.000600  0.001200  0.000080
 0.003800  0.002100  0.002800  0.000080
-0.002700 -0.001300  0.004200  0.000080
 0.010700  0.001100 -0.005400  0.000080
-0.001400  0.001000 -0.000800  0.000080
 0.001100  0.002000 -0.000600  0.000080
-0.009100 -0.011000  0.007800  0.000080
 0.004400 -0.003600  0.002100  0.000080
 0.007700  0.004800 -0.004000  0.000080
 0.001000 -0.000200  0.001500  0.000080
 0.002700 -0.003800  0.000400  0.000080
 0.000900  0.003200  0.006600  0.000080
-0.007200 -0.002800  0.002300  0.000080
 0.000100 -0.001400  0.000900  0.000080
-0.013800 -0.002800 -0.000900  0.000080
 0.004800 -0.001400  0.003000  0.000080
 0.007500  0.001800 -0.001500  0.000080
 0.009800  0.003400  0.004300  0.000080
-0.005900  0.002300  0.001100  0.000080
 0.005300  0.001400 -0.001900  0.000100
 0.000200 -0.001700  0.001000  0.000100
 0.000400  0.000600  0.005800  0.000100
 0.009500  0.000000  0.003400  0.000100
 0.002300 -0.003500 -0.000400  0.000100
-0.004500 -0.004100  0.000200  0.000100
-0.009600  0.001400 -0.002500  0.000100
-0.000400 -0.007800 -0.003300  0.000100
-0.005100  0.005400  0.006100  0.000100
 0.005600 -0.002200  0.001800  0.000100
-0.006400  0.002200  0.002800  0.000100
-0.007800  0.002100  0.001700  0.000100
 0.002300  0.000200  0.006200  0.000100
-0.001600 -0.003800  0.001200  0.000100
-0.004500  0.003100 -0.001400  0.000100
-0.008800  0.006500 -0.001000  0.000100
-0.002700 -0.008300 -0.006600  0.000100
 0.000300  0.004700 -0.000700  0.000100
 0.000800 -0.002100  0.000000  0.000100
-0.008200 -0.007900 -0.000200  0.000100
 0.013000  0.001200 -0.002600  0.000100
 0.001100 -0.000200  0.007300  0.000100
-0.005600 -0.000500  0.006900  0.000100
 0.002000  0.000200  0.001500  0.000100
 0.003600 -0.001400 -0.003100  0.000100
 0.002500 -0.000900  0.000100  0.000100
 0.005200 -0.000100 -0.002100  0.000100
-0.008500 -0.004300  0.000000  0.000100
-0.000900 -0.006200  0.001000  0.000100
 0.004900  0.002400 -0.001800  0.000100
-0.011900 -0.003300 -0.001600  0.000100
-0.011200 -0.005700 -0.001700  0.000100
-0.015900 -0.000800 -0.005100  0.000100
 0.002900  0.003200  0.002000  0.000100
 0.008000  0.007600  0.002100  0.000100
-0.012700 -0.001700 -0.000100  0.000100
 0.017800  0.002300 -0.004400  0.000100
-0.007200 -0.007900  0.005000  0.000100
 0.008800  0.000500  0.000500  0.000100
-0.008700 -0.004700 -0.001500  0.000100
 0.001800 -0.005000 -0.003900  0.000100
-0.011700 -0.009000  0.003500  0.000100
 0.010000 -0.003700 -0.001200  0.000100
 0.005200  0.004400  0.001100  0.000110
-0.001100  0.000400 -0.005100  0.000110
 0.012900  0.002900  0.002500  0.000110
-0.001400  0.002400 -0.002100  0.000110
-0.000200  0.003100  0.001500  0.000110
 0.006300  0.003000 -0.000300  0.000110
-0.009900 -0.001600 -0.000200  0.000110
 0.003100 -0.003700 -0.002400  0.000110
-0.010700 -0.001500 -0.008800  0.000110
-0.005200 -0.000800 -0.006800  0.000110
 0.009600  0.004700 -0.003700  0.000110
 0.006600 -0.002200  0.003100  0.000110
 0.011300  0.009300 -0.004200  0.000110
 0.004800 -0.001500  0.001000  0.000110
-0.001500 -0.000300  0.001500  0.000110
 0.004500  0.001800  0.000100  0.000110
 0.000300  0.000000  0.000400  0.000110
-0.004400 -0.005600  0.003400  0.000110
 0.006800  0.006400 -0.000300  0.000110
 0.002600  0.000900  0.003900  0.000110
-0.004400  0.004400  0.003500  0.000110
 0.008900  0.001600  0.000000  0.000100
 0.002100  0.000900 -0.002300  0.000100
-0.005900 -0.001900  0.005500  0.000100
 0.001600  0.002800  0.001200  0.000100
-0.000100  0.001500  0.000400  0.000100
-0.002400 -0.003500  0.002800  0.000100
 0.005600  0.002500  0.000300  0.000100
-0.001600  0.001200  0.005100  0.000100
 0.002600  0.001200  0.002200  0.000100
 0.003000  0.004400  0.003200  0.000100
 0.002800  0.002100  0.001900  0.000100
 0.005000  0.005900 -0.002600  0.000100
 0.003900 -0.005800  0.002300  0.000100
-0.000900 -0.003200  0.001100  0.000100
-0.002000  0.001300 -0.002200  0.000100
 0.000900  0.002600 -0.000300  0.000100
-0.010000 -0.004000  0.002200  0.000100
-0.006700  0.000100  0.000800  0.000100
-0.000500 -0.001300  0.006400  0.000100
 0.009600  0.010300 -0.006200  0.000100
-0.000500  0.003400  0.000800  0.000100
-0.006000  0.002200  0.002900  0.000100
 0.003600  0.000900  0.004500  0.000120
 0.008400  0.005400 -0.001400  0.000120
-0.006200  0.001300 -0.001000  0.000120
 0.002600 -0.001200 -0.001500  0.000120
 0.011800  0.007500 -0.005900  0.000120
 0.007100  0.007400 -0.001100  0.000120
 0.002500 -0.002800 -0.000400  0.000120
-0.000300 -0.003800  0.000300  0.000120
 0.000300 -0.006200 -0.005900  0.000120
 0.000900  0.000000 -0.001200  0.000120
-0.004900 -0.001500  0.001000  0.000120
 0.007900  0.008600 -0.000900  0.000120
 0.005500  0.007500 -0.002700  0.000120
-0.006900 -0.005900  0.001000  0.000120
 0.005600  0.008900  0.007100  0.000120
-0.004300 -0.005100  0.001800  0.000120
 0.001800  0.002900  0.001600  0.000120
 0.004300 -0.003800  0.000000  0.000120
 0.007000  0.004800 -0.001000  0.000120
-0.006400  0.002400  0.000800  0.000120
 0.001900  0.002700 -0.001700  0.000130
 0.007100  0.000200  0.003000  0.000130
-0.000300 -0.006400  0.000700  0.000130
-0.007600 -0.008300  0.003800  0.000130
-0.008600 -0.002900 -0.001000  0.000130
-0.003200  0.000100  0.002100  0.000130
 0.005300 -0.004600  0.000100  0.000130
-0.000500 -0.000100  0.004000  0.000130
 0.007300  0.001600 -0.001000  0.000130
-0.005200 -0.003800  0.001700  0.000130
 0.002500  0.004800 -0.002100  0.000130
-0.011600 -0.004200  0.000900  0.000130
-0.000700  0.001100 -0.004600  0.000130
-0.002200 -0.004500  0.000900  0.000130
 0.001800  0.000500  0.002400  0.000130
 0.002400  0.004800  0.001700  0.000130
-0.003000 -0.000200  0.000200  0.000130
-0.004500  0.004400  0.001800  0.000130
 0.002100  0.001200  0.002300  0.000130
-0.006800 -0.005700 -0.001400  0.000130
 0.006000  0.003500 -0.001900  0.000130
-0.002500 -0.000200  0.003900  0.000130
 0.011600  0.006900 -0.001000  0.000130
 0.002200 -0.000400  0.003800  0.000140
-0.003700 -0.002900 -0.001000  0.000140
 0.011700  0.002400 -0.004600  0.000140
 0.002700  0.001100 -0.001700  0.000140
-0.003500 -0.000900 -0.000700  0.000140
 0.007700 -0.001100  0.002700  0.000140
-0.000800  0.005200 -0.004200  0.000140
-0.007200 -0.002100  0.001400  0.000140
-0.003500 -0.006800  0.005300  0.000140
-0.000200 -0.002400  0.002900  0.000140
 0.007100  0.001500 -0.000600  0.000140
-0.004500 -0.001600  0.003800  0.000140
-0.007500 -0.001700  0.000600  0.000140
-0.009500 -0.005100  0.004100  0.000140
 0.002000 -0.000500 -0.002700  0.000140
 0.001400  0.005600  0.000700  0.000140
 0.002300  0.005200  0.001500  0.000140
-0.000400 -0.000900  0.000000  0.000140
 0.000900 -0.006000  0.003700  0.000140
 0.008500  0.002500 -0.000500  0.000140
 0.002300  0.003000 -0.003000  0.000140
 0.000200  0.004600  0.000500  0.000130
-0.009700  0.002200 -0.003300  0.000130
-0.016900 -0.009900 -0.003900  0.000130
-0.006400 -0.003100  0.000400  0.000130
 0.004600  0.003100  0.002200  0.000130
-0.007500 -0.000700 -0.003000  0.000130
-0.002800 -0.009400  0.002600  0.000130
-0.008300 -0.005000 -0.000900  0.000130
-0.002200  0.004800 -0.008900  0.000130
 0.009400  0.005000 -0.000400  0.000130
 0.003300 -0.003700  0.002500  0.000130
-0.011000  0.000700 -0.004500  0.000130
 0.014000  0.004100 -0.001100  0.000130
-0.014900  0.000100 -0.005800  0.000130
 0.003400  0.003800  0.002400  0.000130
 0.016900  0.001600  0.004400  0.000130
-0.002300 -0.003900  0.004000  0.000130
-0.004700 -0.002000  0.000900  0.000130
-0.012300 -0.009600  0.002300  0.000130
 0.014900 -0.000100  0.002500  0.000130
 0.009400  0.008000 -0.000200  0.000130
-0.002400 -0.001700  0.003000  0.000150
 0.011900  0.008300  0.000200  0.000150
 0.004100 -0.001000 -0.002800  0.000150
-0.000500  0.000800 -0.004000  0.000150
 0.002200  0.002800 -0.003400  0.000150
-0.003500 -0.003700  0.000700  0.000150
 0.001800  0.002200 -0.000300  0.000150
 0.006900 -0.000600 -0.007400  0.000150
 0.003300  0.000000 -0.001600  0.000150
-0.001000 -0.003300  0.000400  0.000150
-0.004800 -0.006300 -0.000800  0.000150
 0.001400 -0.003800  0.001300  0.000150
 0.010500  0.006900 -0.002100  0.000150
 0.003900  0.002400 -0.001000  0.000150
 0.006300  0.003800 -0.002400  0.000150
 0.005300 -0.000500  0.000200  0.000150
 0.003200 -0.002400  0.001800  0.000150
 0.002300 -0.001300 -0.000400  0.000150
-0.010100 -0.006700  0.001200  0.000150
 0.000200  0.002800  0.002500  0.000150
-0.004300  0.010900 -0.001700  0.000150
 0.013100  0.004600  0.001800  0.000150
 0.000900  0.000500 -0.001300  0.000150
-0.002700 -0.002100  0.001100  0.000150
 0.001400  0.000600  0.000400  0.000150
-0.004500 -0.000700  0.000500  0.000150
 0.000200  0.002200  0.001600  0.000150
 0.002500  0.002300 -0.000900  0.000150
 0.001200  0.000900 -0.000300  0.000150
 0.004000 -0.005600 -0.000400  0.000150
 0.002900 -0.002400  0.000800  0.000150
-0.003000 -0.005700 -0.002600  0.000150
-0.002600  0.000500 -0.001000  0.000150
-0.007300 -0.007600  0.002300  0.000150
-0.000100 -0.000200  0.000500  0.000150
 0.003600  0.006700 -0.004300  0.000150
 0.004500  0.001200 -0.001300  0.000150
 0.000800  0.002700  0.000000  0.000150
-0.010000 -0.003900  0.001100  0.000150
 0.002700  0.003700  0.001300  0.000150
-0.002500  0.000000  0.002300  0.000150
-0.004600 -0.002000  0.002600  0.000150
 0.016200 -0.002000  0.001700  0.000170
 0.005300  0.003500 -0.000200  0.000170
-0.000500  0.003000 -0.003200  0.000170
 0.009600  0.000700 -0.002300  0.000170
 0.004100  0.005300 -0.001700  0.000170
 0.000800  0.005400 -0.000100  0.000170
 0.003000 -0.002500 -0.001400  0.000170
-0.006500  0.000600  0.000200  0.000170
 0.001300  0.001300  0.000900  0.000170
-0.003600 -0.003600  0.003700  0.000170
-0.004400  0.003600  0.002700  0.000170
 0.007500  0.008600  0.000100  0.000170
-0.016100  0.004000  0.007000  0.000170
 0.003000  0.001900  0.003500  0.000170
 0.004000  0.009700  0.001200  0.000170
-0.002400  0.000400 -0.002800  0.000170
 0.008000  0.007600 -0.001300  0.000170
 0.006900 -0.002000  0.000200  0.000170
 0.001700 -0.002800  0.003100  0.000170
-0.001700  0.006100 -0.000400  0.000170
 0.001300  0.001700 -0.000600  0.000180
-0.008600 -0.002300 -0.001000  0.000180
-0.005000  0.001900  0.000500  0.000180
 0.002000  0.002200  0.005600  0.000180
-0.010400 -0.004400 -0.003300  0.000180
 0.006600 -0.002000 -0.003100  0.000180
-0.001900 -0.001600 -0.002500  0.000180
 0.000800 -0.003500 -0.000600  0.000180
-0.005000 -0.004800  0.000700  0.000180
 0.009300  0.002500 -0.001700  0.000180
 0.003300  0.003300 -0.003700  0.000180
 0.007600  0.001000  0.000200  0.000180
-0.000700 -0.000300  0.003800  0.000180
-0.002800 -0.002500  0.003700  0.000180
 0.006500  0.000500 -0.001900  0.000180
-0.003000  0.002000 -0.002200  0.000180
 0.002200  0.003300  0.001500  0.000180
 0.003300  0.001800 -0.005100  0.000180
-0.010000 -0.002100  0.001500  0.000180
 0.009200  0.006300 -0.002400  0.000160
-0.000600 -0.000800  0.000700  0.000160
-0.001400 -0.000200  0.001400  0.000160
-0.007600 -0.001400 -0.003700  0.000160
-0.005500 -0.009600 -0.000100  0.000160
 0.000500 -0.000700  0.001200  0.000160
-0.004400  0.000200  0.002100  0.000160
 0.007200  0.003400  0.000000  0.000160
 0.002600 -0.000300  0.001100  0.000160
 0.010100  0.000100 -0.000100  0.000160
 0.005100  0.003700  0.001100  0.000160
 0.001500 -0.001500  0.003400  0.000160
 0.001200  0.001300 -0.004800  0.000160
-0.001600  0.001700 -0.004300  0.000160
-0.006900 -0.004700 -0.000600  0.000160
 0.005800  0.004300  0.001800  0.000160
-0.001400  0.005000  0.000800  0.000160
 0.002400  0.006200  0.002400  0.000160
-0.001200  0.001700  0.002100  0.000160
-0.005400  0.001800 -0.000300  0.000160
 0.009100  0.008200  0.001000  0.000160
-0.000800  0.001400 -0.001400  0.000160
-0.002800  0.006800 -0.001400  0.000160
 0.000600 -0.008000  0.006400  0.000190
 0.005400 -0.002300  0.001900  0.000190
 0.004700 -0.000100  0.002700  0.000190
-0.001000  0.001800 -0.000100  0.000190
-0.010200 -0.000800 -0.001500  0.000190
-0.000100 -0.004100  0.001600  0.000190
-0.008400 -0.006200  0.000700  0.000190
 0.001500  0.005700 -0.000700  0.000190
 0.001000  0.003700 -0.001500  0.000190
-0.001700 -0.000100  0.004200  0.000190
 0.017200  0.005700  0.000500  0.000190
 0.004100  0.007900  0.001500  0.000190
-0.001000 -0.004000 -0.000400  0.000190
 0.000000 -0.002300  0.005000  0.000190
-0.003100 -0.003800  0.001200  0.000190
-0.004200  0.004700 -0.000600  0.000190
 0.002000 -0.000800  0.001900  0.000190
 0.001600 -0.008900  0.000000  0.000190
 0.001100  0.001200  0.005900  0.000190
-0.003500  0.000400  0.004300  0.000200
 0.005900  0.001800  0.006300  0.000200
-0.003300  0.004200 -0.000100  0.000200
 0.003800  0.005500 -0.002900  0.000200
 0.010400 -0.002800  0.000100  0.000200
-0.000300  0.000800  0.001400  0.000200
 0.000700 -0.001800  0.002000  0.000200
-0.001700 -0.005400  0.006200  0.000200
-0.013700 -0.010200  0.002600  0.000200
-0.013000 -0.006300 -0.001700  0.000200
-0.001300 -0.008700 -0.002700  0.000200
-0.001200  0.000800  0.003200  0.000200
-0.017300  0.002100 -0.000800  0.000200
-0.007400 -0.002800  0.000600  0.000200
 0.004000  0.000300  0.001300  0.000200
-0.006500 -0.006600  0.002600  0.000200
-0.003700  0.000700 -0.000400  0.000200
-0.000400 -0.000800 -0.001600  0.000200
 0.013700  0.005800  0.001900  0.000200
 0.006100 -0.001800 -0.000500  0.000200
-0.015400 -0.007100  0.002000  0.000200
 0.009100  0.003100  0.003500  0.000200
 0.012400  0.006900 -0.001100  0.000180
 0.002400 -0.000700  0.003100  0.000180
-0.019100 -0.010500  0.002000  0.000180
-0.003700 -0.002200  0.000300  0.000180
-0.006700  0.001200 -0.002600  0.000180
-0.001300 -0.002500  0.001900  0.000180
-0.003500 -0.002300 -0.000100  0.000180
-0.015000 -0.011700  0.003200  0.000180
-0.013200 -0.003500 -0.004600  0.000180
 0.004900  0.001200 -0.001800  0.000180
 0.023700  0.009600  0.001300  0.000180
-0.004600 -0.006300  0.000400  0.000180
-0.010400 -0.006600 -0.000200  0.000180
-0.000700 -0.003500  0.000600  0.000180
 0.011600  0.006800 -0.002600  0.000180
-0.005100  0.001500  0.002900  0.000180
 0.000700  0.002400  0.002900  0.000180
 0.005400  0.004900  0.001400  0.000180
-0.009900 -0.006700  0.005000  0.000180
 0.004800 -0.003900  0.003300  0.000180
 0.023400  0.012700 -0.003400  0.000180
 0.000800  0.010300  0.001900  0.000180
 0.007700 -0.000600 -0.001900  0.000200
-0.008700 -0.005400  0.004800  0.000200
 0.002000 -0.000600  0.000000  0.000200
-0.007700 -0.008000  0.007000  0.000200
 0.000200 -0.002400  0.005400  0.000200
 0.004000  0.003000 -0.000700  0.000200
-0.011100 -0.006600  0.003700  0.000200
-0.014400 -0.005500  0.000900  0.000200
-0.005500 -0.003600  0.002400  0.000200
-0.003800 -0.004300 -0.000600  0.000200
 0.001400  0.001800  0.004100  0.000200
 0.019700  0.009100 -0.003100  0.000200
-0.011200 -0.015200  0.005000  0.000200
-0.009100 -0.008200  0.003000  0.000200
 0.017500  0.008400 -0.004100  0.000200
 0.007400  0.002000 -0.000200  0.000200
 0.000100 -0.003600  0.005300  0.000200
-0.005700 -0.007600  0.004800  0.000200
 0.012900  0.006600 -0.002500  0.000200
-0.000700  0.002300 -0.000600  0.000200
-0.005400 -0.009500  0.004400  0.000180
 0.006500  0.002400 -0.002800  0.000180
 0.002200  0.008400 -0.004600  0.000180
-0.001300 -0.004100  0.001500  0.000180
-0.003200 -0.002800  0.001000  0.000180
-0.004100 -0.007800  0.001700  0.000180
-0.004300 -0.004400  0.000400  0.000180
 0.003700  0.003500 -0.003700  0.000180
-0.004700 -0.005700  0.001900  0.000180
 0.000500  0.002600 -0.003100  0.000180
 0.014700  0.007600 -0.005700  0.000180
 0.009200  0.005900 -0.005600  0.000180
 0.001300  0.003500 -0.002800  0.000180
 0.002800 -0.001900 -0.000400  0.000180
-0.003300 -0.004800  0.002000  0.000180
 0.001100  0.002300  0.001400  0.000180
-0.005300 -0.007300  0.001400  0.000180
 0.001100 -0.001900  0.000800  0.000180
-0.000500  0.001500 -0.000200  0.000180
 0.005400  0.004400 -0.002000  0.000180
 0.002800  0.009300 -0.001500  0.000180
 0.001200  0.007200 -0.004300  0.000180
 0.000700 -0.000100  0.003100  0.000180
 0.004900 -0.002800  0.000100  0.000200
 0.002400  0.004900  0.001000  0.000200
-0.011700 -0.009500  0.003300  0.000200
-0.005600 -0.001700  0.003000  0.000200
 0.002200 -0.000400 -0.002800  0.000200
-0.001800 -0.001200 -0.002800  0.000200
 0.011200  0.011500 -0.004400  0.000200
 0.004900  0.003900  0.000300  0.000200
-0.002400 -0.002300 -0.000300  0.000200
 0.001900  0.000300 -0.003300  0.000200
 0.001300 -0.000100 -0.001000  0.000200
-0.003500 -0.002000  0.001000  0.000200
 0.005000  0.005800 -0.002200  0.000200
-0.004600 -0.004000  0.001000  0.000200
-0.004000 -0.008200  0.004600  0.000200
 0.007700  0.001700  0.000000  0.000200
 0.007100 -0.003700 -0.000600  0.000200
 0.001900  0.003300 -0.001300  0.000200
 0.001700 -0.000800 -0.002800  0.000200
-0.003200 -0.006000  0.002700  0.000200
-0.004100 -0.005400  0.002700  0.000190
-0.000600 -0.003100  0.002800  0.000190
 0.012200  0.006900 -0.005600  0.000190
 0.004900  0.008900 -0.002700  0.000190
-0.003300 -0.000500 -0.000800  0.000190
 0.002000  0.004400  0.000400  0.000190
 0.002100 -0.000800  0.001700  0.000190
-0.003800 -0.002800  0.001400  0.000190
 0.010400  0.008800 -0.001300  0.000190
 0.003100  0.004600 -0.000400  0.000190
 0.004200  0.005600 -0.001300  0.000190
-0.004800 -0.001700  0.004000  0.000190
 0.000800 -0.003000  0.000400  0.000190
 0.002200  0.004000  0.001200  0.000190
-0.000600 -0.007100  0.000200  0.000190
 0.005200 -0.004000 -0.002200  0.000190
 0.000600 -0.002200  0.002700  0.000190
 0.004200  0.001300  0.000400  0.000190
 0.006300  0.003900  0.001300  0.000190
-0.008400 -0.003300  0.000900  0.000190
 0.000100  0.004500 -0.000800  0.000190
-0.000100 -0.003400 -0.000600  0.000190
-0.009200 -0.009600  0.003600  0.000200
-0.000300 -0.002300  0.000000  0.000200
-0.000500  0.004900 -0.000900  0.000200
 0.011300  0.002200 -0.001300  0.000200
 0.001600  0.000600 -0.003400  0.000200
 0.003200  0.002900  0.004200  0.000200
-0.004800 -0.004100  0.004300  0.000200
 0.001900  0.006800 -0.000300  0.000200
 0.002100  0.001600  0.000500  0.000200
 0.006700  0.009100 -0.003300  0.000200
 0.003800  0.005400 -0.003900  0.000200
 0.000900 -0.002800 -0.000700  0.000200
 0.000000 -0.003700 -0.000400  0.000200
 0.000300  0.002100  0.000200  0.000200
 0.002900 -0.000100  0.000000  0.000200
 0.002800 -0.000800 -0.003200  0.000200
-0.002100  0.002200  0.001000  0.000200
-0.014900 -0.009800  0.004200  0.000200
 0.002800  0.000000  0.000300  0.000200
 0.009500  0.000700  0.000800  0.000200
 0.001500  0.001300  0.002400  0.000200
-0.003000 -0.003500  0.001600  0.000200
 0.009800  0.008000 -0.002400  0.000200
 0.003700 -0.002000  0.002200  0.000200
-0.001300 -0.000300  0.000800  0.000200
-0.003600 -0.000100  0.000700  0.000200
 0.001000 -0.001600 -0.000100  0.000200
 0.001800 -0.002500  0.005700  0.000200
-0.002200 -0.004900  0.004300  0.000200
 0.001000 -0.000100  0.002000  0.000200
 0.007500 -0.001800 -0.000500  0.000200
-0.000200 -0.002900  0.002500  0.000200
-0.005200 -0.008500  0.000400  0.000200
 0.001700 -0.001100  0.001100  0.000200
-0.000800  0.005800 -0.001100  0.000200
-0.004000  0.000300  0.003200  0.000200
-0.004700  0.003000  0.000800  0.000200
 0.004100  0.003300  0.003500  0.000200
 0.007600  0.004700 -0.000200  0.000200
-0.001200 -0.001800  0.000200  0.000200
-0.004700 -0.002800 -0.000600  0.000200
-0.001600  0.000700 -0.000800  0.000220
 0.000400  0.002400 -0.006500  0.000220
-0.007400 -0.008900 -0.003100  0.000220
 0.002300 -0.000700  0.000400  0.000220
-0.000200  0.002400 -0.001700  0.000220
 0.001900 -0.000700 -0.002400  0.000220
 0.007100  0.005100 -0.003000  0.000220
 0.005900  0.001600 -0.001400  0.000220
 0.000100 -0.002600  0.000700  0.000220
-0.000800 -0.002000  0.000500  0.000220
-0.005000 -0.010000  0.006000  0.000220
 0.004100  0.003800  0.001700  0.000220
-0.005600 -0.004400  0.003700  0.000220
 0.005000  0.005200  0.002200  0.000220
 0.008500  0.002100 -0.001400  0.000220
-0.011000 -0.000500 -0.001500  0.000220
-0.000100  0.005500  0.001100  0.000220
-0.000100  0.005200  0.001900  0.000220
 0.005500 -0.000300  0.002500  0.000220
 0.006100 -0.004000  0.000200  0.000220
 0.006100  0.002900 -0.001600  0.000200
 0.001000  0.001000  0.002100  0.000200
-0.000800 -0.002000  0.002300  0.000200
 0.001300  0.002800  0.001800  0.000200
 0.002000  0.004000 -0.000700  0.000200
-0.000700  0.002300 -0.001400  0.000200
-0.007100 -0.003000  0.001900  0.000200
-0.004100  0.002200  0.001200  0.000200
 0.007900 -0.001800  0.003700  0.000200
 0.007100 -0.005000 -0.001600  0.000200
 0.001500  0.001600 -0.004400  0.000200
 0.000300  0.002600  0.000600  0.000200
 0.003400  0.006100 -0.002200  0.000200
-0.000500  0.002800 -0.001000  0.000200
-0.000600  0.003500 -0.000800  0.000200
-0.002800  0.001200 -0.001500  0.000200
-0.001500 -0.001500  0.002500  0.000200
-0.034300 -0.000400 -0.000300  0.000200
 0.004500 -0.005100  0.002900  0.000200
-0.003000 -0.000900  0.001600  0.000200
-0.012700 -0.005600  0.001300  0.000200
-0.012200 -0.006400 -0.001800  0.000200
 0.016500  0.005900 -0.000400  0.000200
-0.001500 -0.000800  0.000700  0.000200
 0.007000 -0.001000  0.000700  0.000200
 0.001400  0.002800  0.001500  0.000200
 0.002900  0.002200 -0.000600  0.000200
-0.020300 -0.002100  0.000300  0.000200
 0.005200  0.000900 -0.000700  0.000200
 0.004600  0.004600  0.000800  0.000200
-0.003800 -0.001000 -0.001800  0.000200
 0.010900 -0.001400  0.000300  0.000200
 0.006600  0.000100  0.001400  0.000200
 0.016600 -0.001600 -0.001600  0.000200
-0.000300  0.001200 -0.001900  0.000200
 0.001500  0.000400  0.001500  0.000200
 0.000400 -0.000800 -0.000700  0.000200
-0.005900 -0.001800  0.000500  0.000200
-0.007200  0.002400  0.000600  0.000200
 0.003300 -0.001700  0.002100  0.000200
-0.000600  0.002500 -0.000600  0.000200
 0.002800  0.000100  0.000800  0.000220
 0.008700  0.000200 -0.001700  0.000220
 0.001300 -0.001800 -0.002300  0.000220
 0.003400 -0.000100 -0.000300  0.000220
 0.000400 -0.002500  0.002200  0.000220
 0.002500  0.000600  0.000700  0.000220
-0.006100 -0.000700  0.001000  0.000220
 0.006200  0.001700 -0.001000  0.000220
 0.003500  0.002200 -0.001200  0.000220
 0.010300  0.002700 -0.000400  0.000220
 0.000800 -0.003900 -0.001100  0.000220
 0.000100 -0.006300  0.003400  0.000220
-0.003000 -0.003400 -0.000600  0.000220
 0.009100  0.001400  0.000700  0.000220
-0.001900  0.000600 -0.001600  0.000220
-0.001000 -0.000500 -0.002400  0.000220
 0.009300 -0.003300  0.002300  0.000220
-0.000800  0.002900 -0.003400  0.000220
-0.001000 -0.002800 -0.003900  0.000220
-0.009500 -0.008000 -0.000100  0.000220
 0.001600 -0.000900  0.000400  0.000190
 0.008100  0.005300 -0.000600  0.000190
 0.003700 -0.003300  0.002900  0.000190
 0.002700  0.001300 -0.000100  0.000190
 0.002400 -0.003300  0.003300  0.000190
-0.001600 -0.000400 -0.000200  0.000190
 0.003500  0.000700 -0.000900  0.000190
-0.013900 -0.003900  0.002200  0.000190
 0.010200  0.001000  0.001400  0.000190
-0.002900 -0.006000  0.001400  0.000190
-0.002000 -0.007500  0.003200  0.000190
 0.007200 -0.002100  0.000500  0.000190
-0.000700 -0.003300  0.000600  0.000190
 0.006600  0.003200 -0.004000  0.000190
 0.003100  0.008400 -0.002700  0.000190
 0.000700  0.006700 -0.001600  0.000190
-0.001100 -0.002000 -0.002100  0.000190
-0.011500 -0.003200 -0.001300  0.000190
 0.006200  0.001700 -0.000200  0.000190
 0.002900  0.005500 -0.000500  0.000190
 0.008000 -0.002900  0.000900  0.000190
 0.001400  0.002900 -0.003000  0.000190
 0.004900  0.003300 -0.000100  0.000190
 0.001900  0.000200  0.000100  0.000190
-0.005500 -0.000800 -0.002300  0.000190
-0.009500  0.001300  0.000200  0.000190
-0.018300  0.000900 -0.001000  0.000190
 0.010600 -0.001200  0.000000  0.000190
 0.000900 -0.002600  0.001100  0.000190
-0.011000 -0.001000 -0.001700  0.000190
 0.014000 -0.002900 -0.000600  0.000190
 0.005200  0.000400  0.000300  0.000190
 0.007200  0.004200  0.000100  0.000190
-0.001100  0.000100 -0.001300  0.000190
 0.001600 -0.000100  0.001200  0.000190
-0.012900  0.001700 -0.002800  0.000190
 0.005200 -0.002100  0.000500  0.000190
-0.010900  0.006200 -0.000200  0.000190
-0.005000 -0.003400 -0.000500  0.000190
-0.004200  0.001700 -0.004100  0.000190
 0.009100  0.003300 -0.002300  0.000190
 0.000500  0.001200  0.001500  0.000190
-0.000900 -0.003400  0.002000  0.000190
 0.011200 -0.000900  0.001200  0.000190
 0.003300 -0.000500 -0.001100  0.000190
 0.001000  0.001600 -0.005300  0.000190
 0.004300 -0.000700 -0.001300  0.000190
 0.001400  0.000300  0.000300  0.000190
-0.013800 -0.001600 -0.003300  0.000190
 0.004900 -0.002900 -0.001100  0.000190
 0.017300 -0.001800 -0.003100  0.000190
 0.003000 -0.003100  0.001500  0.000190
-0.003200 -0.004600 -0.003100  0.000190
-0.000300  0.001500 -0.001300  0.000190
-0.001700 -0.002700  0.001000  0.000190
 0.004700  0.002900 -0.004400  0.000190
-0.011900 -0.002900 -0.001700  0.000190
 0.002900 -0.004400 -0.003300  0.000190
-0.020300 -0.005000 -0.003400  0.000190
 0.002500 -0.003700  0.000200  0.000190
-0.024000  0.000100 -0.003300  0.000190
-0.014900 -0.000600  0.001000  0.000190
 0.009100 -0.002400 -0.001200  0.000190
-0.010300  0.002900  0.000700  0.000190
 0.003900 -0.005100 -0.001000  0.000180
 0.005800  0.001100 -0.004600  0.000180
-0.026100 -0.006600 -0.006000  0.000180
 0.017900 -0.011300 -0.005000  0.000180
 0.006400  0.002500 -0.004700  0.000180
 0.015400  0.011600 -0.007400  0.000180
-0.027100  0.015900 -0.004200  0.000180
-0.000700  0.001000  0.012000  0.000180
-0.000800 -0.011600  0.004600  0.000180
-0.019300 -0.000400 -0.002000  0.000180
-0.015900  0.000800 -0.001300  0.000180
 0.001600  0.013100  0.007300  0.000180
 0.024200 -0.004200  0.001900  0.000180
 0.001400  0.001300 -0.002200  0.000180
 0.002000 -0.000500 -0.000300  0.000180
 0.012800  0.000100  0.000000  0.000180
-0.001800 -0.009700  0.002900  0.000180
 0.012200  0.001000 -0.002400  0.000180
-0.008500 -0.000600 -0.002100  0.000180
-0.023600 -0.000800 -0.002800  0.000180
 0.021600  0.000900  0.000200  0.000180
-0.004000 -0.000100 -0.004600  0.000180
 0.012100  0.000400 -0.001000  0.000180
 0.010900 -0.002500  0.000800  0.000170
-0.010300  0.000100 -0.002600  0.000170
 0.004300 -0.000600 -0.001500  0.000170
-0.016400 -0.002600  0.002000  0.000170
-0.003000 -0.005000 -0.001700  0.000170
 0.013400  0.000300 -0.004200  0.000170
 0.000100 -0.004200 -0.001600  0.000170
 0.007200 -0.006600  0.001600  0.000170
 0.001100  0.003100 -0.000900  0.000170
-0.006000 -0.004300  0.000100  0.000170
 0.029100  0.005500  0.001400  0.000170
 0.005600  0.005700  0.001800  0.000170
-0.005400 -0.001600 -0.002600  0.000170
 0.004700 -0.002500 -0.001500  0.000170
-0.004600 -0.004000 -0.005000  0.000170
-0.000600 -0.003000 -0.004300  0.000170
 0.005300  0.001100 -0.000700  0.000170
 0.005200  0.001800 -0.001200  0.000170
-0.002900 -0.004700  0.000100  0.000170
 0.013600  0.007600  0.000200  0.000140
 0.000400  0.006400  0.000800  0.000140
-0.005300 -0.001600 -0.001700  0.000140
 0.002600 -0.000400  0.001800  0.000140
 0.011700  0.006000 -0.000800  0.000140
-0.003200 -0.001800 -0.003000  0.000140
 0.007900 -0.002400 -0.000900  0.000140
-0.000400 -0.000100 -0.004100  0.000140
-0.005300 -0.006200  0.006300  0.000140
 0.005200  0.001000 -0.002700  0.000140
-0.008700 -0.003400 -0.000900  0.000140
-0.007200 -0.000500 -0.001600  0.000140
 0.002700 -0.001500 -0.002400  0.000140
 0.000200  0.000600 -0.003000  0.000140
-0.024700 -0.004100  0.000400  0.000140
 0.003100  0.008700 -0.000700  0.000140
 0.010100  0.000000 -0.005200  0.000140
-0.003400 -0.004800 -0.000300  0.000140
-0.001200 -0.002800 -0.000700  0.000140
 0.013700  0.002600  0.002600  0.000140
 0.005300 -0.003300 -0.004000  0.000140
-0.007100  0.001400  0.000400  0.000140
 0.013100 -0.000200  0.000500  0.000140
-0.026100 -0.008000 -0.002400  0.000160
 0.001900  0.001200 -0.006200  0.000160
-0.006800 -0.002800  0.000400  0.000160
 0.012700  0.000200 -0.002200  0.000160
-0.027100 -0.000100 -0.001800  0.000160
-0.000800  0.005500  0.011900  0.000160
-0.015200  0.003200  0.008300  0.000160
-0.014200  0.004600  0.000600  0.000160
 0.027800 -0.004700 -0.002300  0.000160
-0.006000 -0.002700 -0.002400  0.000160
-0.014300  0.000700  0.001600  0.000160
 0.004500 -0.006500 -0.004600  0.000160
-0.018900 -0.002400 -0.002600  0.000160
 0.003800 -0.005800 -0.000100  0.000160
-0.015500  0.004500  0.000300  0.000160
 0.016200  0.001700 -0.000300  0.000160
-0.020600 -0.000900 -0.004400  0.000160
 0.012200 -0.005200 -0.004100  0.000160
 0.029300  0.002400 -0.004700  0.000160
-0.000500 -0.005200 -0.002300  0.000160
 0.006900 -0.005600  0.006800  0.000160
-0.005700 -0.005100  0.003100  0.000130
-0.007400 -0.001300 -0.000400  0.000130
 0.014300  0.000100 -0.002900  0.000130
 0.015600  0.007900  0.002100  0.000130
-0.000300  0.000300  0.000400  0.000130
 0.007700 -0.001200  0.001000  0.000130
-0.025600 -0.002200  0.001500  0.000130
 0.005500 -0.000200 -0.001100  0.000130
-0.000900 -0.003400 -0.001500  0.000130
-0.013500 -0.004500 -0.001700  0.000130
-0.016100 -0.001100  0.003000  0.000130
 0.006200  0.010400 -0.000400  0.000130
-0.000500  0.002800 -0.004000  0.000130
 0.006200  0.007800 -0.004000  0.000130
 0.017000  0.002300 -0.000600  0.000130
 0.009000  0.000900  0.001300  0.000130
 0.001400  0.001500 -0.000600  0.000130
-0.013700 -0.010600  0.002100  0.000130
 0.001900 -0.003600 -0.000800  0.000130
-0.006700  0.000600  0.002900  0.000130
-0.012000 -0.000400 -0.000200  0.000100
-0.001100 -0.009800 -0.003300  0.000100
-0.025800 -0.003700  0.003100  0.000100
 0.000100  0.001000  0.002000  0.000100
-0.017200 -0.003600 -0.006500  0.000100
 0.009900 -0.004100 -0.005300  0.000100
 0.008300 -0.001100  0.004000  0.000100
-0.014000 -0.006100  0.002200  0.000100
 0.010400 -0.001200 -0.001600  0.000100
-0.024800  0.005300  0.000800  0.000100
-0.006600  0.008200  0.009100  0.000100
-0.027900  0.004500 -0.000800  0.000100
-0.005800 -0.002400 -0.008000  0.000100
-0.009400  0.004400  0.007500  0.000100
 0.019800  0.005700  0.013800  0.000100
 0.012400 -0.009400 -0.007500  0.000100
-0.013200  0.008200  0.002800  0.000100
 0.017100 -0.000100  0.007600  0.000100
 0.006300 -0.004400  0.008800  0.000100
-0.005400 -0.003300 -0.000500  0.000100
 0.014900  0.007300  0.003600  0.000100
 0.015900  0.005500  0.000700  0.000060
-0.009100  0.001400  0.001000  0.000060
-0.030900  0.005700  0.000500  0.000060
-0.008100 -0.002600  0.005600  0.000060
 0.007700  0.003500  0.000000  0.000060
-0.002100 -0.000700 -0.002300  0.000060
 0.005700 -0.003100 -0.004000  0.000060
 0.006200 -0.001600 -0.000400  0.000060
 0.014400  0.005600 -0.000200  0.000060
-0.013300 -0.007200  0.003900  0.000060
-0.000600 -0.007600  0.003300  0.000060
 0.000400  0.002300 -0.002600  0.000060
 0.008900  0.001700 -0.001200  0.000060
-0.012000 -0.002500 -0.002900  0.000060
 0.006700 -0.008200  0.005400  0.000060
 0.015100  0.003400 -0.000800  0.000060
 0.008100  0.003000 -0.000200  0.000060
-0.000900 -0.000100 -0.004600  0.000060
-0.007800 -0.003800 -0.001300  0.000060
-0.026300  0.002600 -0.000700  0.000060
-0.000600 -0.002600 -0.001600  0.000080
-0.004800  0.000300  0.000900  0.000080
 0.006800 -0.002900 -0.002200  0.000080
-0.022100 -0.003000 -0.001300  0.000080
-0.008800  0.003100  0.005100  0.000080
-0.018400 -0.004300  0.005900  0.000080
 0.035700  0.000200 -0.000600  0.000080
-0.007100  0.001800 -0.006700  0.000080
 0.007300  0.011400 -0.001600  0.000080
-0.020100 -0.001100 -0.000700  0.000080
-0.015100 -0.006600  0.005500  0.000080
 0.039700 -0.002000 -0.004900  0.000080
-0.026100  0.002400  0.000100  0.000080
 0.021300 -0.001700  0.002100  0.000080
 0.017500  0.009100 -0.006500  0.000080
 0.005600  0.003300  0.000500  0.000080
-0.006500  0.005500 -0.001900  0.000080
-0.010300 -0.001200  0.001300  0.000080
-0.008100 -0.003400  0.002900  0.000080
 0.005200  0.000300  0.004900  0.000080
 0.032200 -0.008300 -0.000900  0.000080
 0.000300  0.004000  0.000400  0.000080
 0.002600 -0.001000 -0.000300  0.000080
 0.001900  0.000300 -0.002600  0.000080
 0.001600 -0.003900  0.004900  0.000080
-0.003200  0.002900  0.000900  0.000080
-0.009100 -0.006800 -0.001000  0.000080
 0.005600  0.006500 -0.007300  0.000080
-0.019700 -0.004600  0.006200  0.000080
-0.002600  0.001000  0.001300  0.000080
 0.005000  0.002400  0.003400  0.000080
 0.024100  0.002700  0.001900  0.000080
-0.001200 -0.007300  0.002000  0.000080
 0.016600 -0.000100 -0.006900  0.000080
-0.000700 -0.001500 -0.003100  0.000080
-0.009400 -0.009300  0.002900  0.000080
 0.001000  0.002100 -0.010900  0.000080
 0.005100  0.005200  0.002000  0.000080
 0.006900 -0.001800  0.002000  0.000080
 0.000100  0.004900  0.001900  0.000080
-0.005700 -0.003300  0.003200  0.000080
-0.001700 -0.001100  0.001600  0.000080
 0.014600  0.000000  0.000600  0.000080
 0.003200 -0.007200  0.001200  0.000080
-0.002800  0.002900  0.000100  0.000080
 0.008400 -0.001200  0.005200  0.000080
-0.016000  0.001500 -0.001400  0.000080
 0.004500  0.000200  0.000100  0.000080
-0.004700  0.006300 -0.002300  0.000080
 0.010900  0.005100 -0.003200  0.000080
 0.000700  0.005500  0.000600  0.000080
 0.003000 -0.003900  0.001000  0.000080
 0.011000 -0.001600 -0.002300  0.000080
 0.002300 -0.004100  0.001600  0.000080
-0.000300 -0.002700  0.003400  0.000080
-0.006000  0.005600  0.000200  0.000080
-0.015500  0.005000  0.002400  0.000080
 0.002800  0.002800 -0.000400  0.000080
-0.011700  0.002200 -0.004600  0.000080
 0.004900  0.004600 -0.002000  0.000080
 0.005700 -0.001200 -0.000300  0.000080
 0.004400  0.002300 -0.003100  0.000080
 0.003200  0.002000  0.001300  0.000080
-0.009100  0.001900  0.003800  0.000080
-0.004900  0.002800 -0.000300  0.000080
-0.000900  0.006100 -0.006500  0.000080
 0.020200  0.001600 -0.000100  0.000080
-0.026900  0.003400  0.000500  0.000080
-0.000600 -0.005500  0.001000  0.000080
-0.004900  0.001000 -0.003900  0.000080
-0.015300 -0.000500  0.000000  0.000080
 0.001400  0.000200 -0.001700  0.000080
 0.014700  0.001200 -0.002700  0.000080
 0.003200  0.007800 -0.001900  0.000080
-0.004100  0.001500  0.000100  0.000080
-0.008400  0.002400  0.003800  0.000080
 0.002400  0.004700 -0.006700  0.000080
-0.017600  0.004700  0.000500  0.000080
-0.000900 -0.006000  0.000800  0.000080
-0.006300 -0.009600 -0.000200  0.000080
 0.006100  0.002800 -0.004300  0.000080
-0.026400  0.006700  0.001500  0.000080
-0.002600  0.002000 -0.003300  0.000080
-0.001100 -0.011500  0.007300  0.000080
 0.001900 -0.002900  0.000300  0.000070
-0.021100 -0.006800 -0.002900  0.000070
-0.002500 -0.006900 -0.001000  0.000070
-0.008700  0.000500 -0.009600  0.000070
 0.017100  0.013600  0.017500  0.000070
-0.019500 -0.002900 -0.009600  0.000070
 0.007500 -0.002900 -0.008000  0.000070
-0.008400  0.013300 -0.008900  0.000070
-0.008400 -0.004300 -0.019000  0.000070
-0.011600  0.011200 -0.010700  0.000070
 0.024100  0.007900  0.033100  0.000070
 0.009600  0.005000  0.030100  0.000070
 0.000300 -0.006800  0.010200  0.000070
 0.003900  0.001700 -0.003000  0.000070
 0.011200  0.013500  0.024600  0.000070
 0.001800  0.003000  0.011800  0.000070
-0.024500  0.001800 -0.024100  0.000070
 0.005500  0.008000 -0.008900  0.000070
-0.016700 -0.001700 -0.010100  0.000070
 0.021300  0.001400  0.025200  0.000070
 0.016500 -0.015200  0.001300  0.000070
-0.011800  0.006900  0.002700  0.000070
-0.005200  0.007800  0.005200  0.000060
-0.013400 -0.000600  0.002400  0.000060
 0.024600 -0.003400  0.012200  0.000060
 0.005700  0.004300 -0.009500  0.000060
-0.016900  0.004000 -0.014100  0.000060
 0.019300  0.007100  0.012200  0.000060
 0.006700  0.015300  0.008900  0.000060
-0.009700  0.008400 -0.017700  0.000060
-0.000100  0.004200 -0.014200  0.000060
 0.005100  0.003300  0.008700  0.000060
 0.001400 -0.002400  0.009200  0.000060
-0.013500  0.001800 -0.006000  0.000060
-0.009000 -0.008000 -0.008300  0.000060
 0.006800 -0.007500  0.001100  0.000060
 0.003100 -0.010800 -0.001500  0.000060
 0.009600  0.006500  0.006800  0.000060
-0.018700 -0.001800 -0.003700  0.000060
 0.003500 -0.002600  0.002000  0.000060
 0.009500  0.002400  0.003700  0.000060
 0.014300  0.004000  0.013500  0.000060
-0.011800  0.002700  0.006100  0.000060
-0.007000  0.006500  0.013900  0.000070
-0.003000  0.007000  0.014400  0.000070
-0.029000  0.001900 -0.004200  0.000070
 0.003800 -0.006400  0.012000  0.000070
 0.014800 -0.003400  0.018100  0.000070
-0.035100  0.007500 -0.010800  0.000070
 0.008500  0.002200 -0.003700  0.000070
 0.011000 -0.009800  0.003600  0.000070
 0.005200 -0.002400 -0.000300  0.000070
-0.045900  0.013600 -0.021800  0.000070
 0.015300  0.004200  0.016500  0.000070
-0.045800  0.003700 -0.018500  0.000070
 0.044200  0.015000  0.040100  0.000070
 0.045800 -0.017700  0.032000  0.000070
-0.037000  0.000800 -0.028300  0.000070
-0.015700  0.001100  0.001100  0.000070
-0.003400 -0.011100 -0.006400  0.000070
 0.016500 -0.011100  0.007000  0.000070
-0.002000 -0.006600  0.004600  0.000070
-0.082900  0.030500 -0.032000  0.000070
 0.046800 -0.033100  0.022900  0.000070
-0.005700 -0.005500  0.024600  0.000030
-0.045700 -0.003500  0.002900  0.000030
-0.014400 -0.008900 -0.012300  0.000030
-0.042500  0.000000  0.003500  0.000030
-0.058200  0.008400 -0.029900  0.000030
-0.011600 -0.004900 -0.017200  0.000030
-0.073300 -0.002100 -0.025900  0.000030
-0.012000  0.043100  0.018800  0.000030
 0.115100 -0.028200 -0.015700  0.000030
-0.009000 -0.024700  0.035900  0.000030
-0.090000  0.006000  0.000200  0.000030
 0.039800  0.020300 -0.012700  0.000030
-0.002300 -0.008600 -0.005000  0.000030
 0.046500 -0.015700 -0.002100  0.000030
-0.031400  0.001700  0.004700  0.000030
-0.059200  0.010600 -0.001100  0.000030
 0.000900 -0.034100 -0.004000  0.000030
-0.033300  0.000500 -0.006700  0.000030
-0.037100 -0.007300  0.002500  0.000030
 0.095400 -0.038000  0.003500  0.000030
 0.001400  0.025600 -0.007400  0.000030
 0.031800  0.016400 -0.000400  0.000030
 0.018300  0.023700  0.014600  0.000030
-0.000700  0.003000  0.002800  0.000010
 0.038900 -0.027100  0.004300  0.000010
-0.050700  0.001600 -0.011600  0.000010
-0.049300  0.016300 -0.004600  0.000010
 0.026300 -0.012600 -0.005400  0.000010
-0.013400 -0.009000 -0.015500  0.000010
-0.024400  0.002000  0.000600  0.000010
-0.053900 -0.002900 -0.011500  0.000010
 0.068300  0.003900  0.000900  0.000010
-0.043700 -0.020100  0.000600  0.000010
-0.024300  0.015900 -0.009700  0.000010
 0.005900 -0.013000 -0.004000  0.000010
-0.064400 -0.001300 -0.025400  0.000010
-0.070900  0.017300 -0.024900  0.000010
 0.061500 -0.017700 -0.013700  0.000010
 0.066800 -0.009500  0.034700  0.000010
 0.009600  0.001300  0.022700  0.000010
 0.038700  0.014500  0.001900  0.000010
 0.010300 -0.003300  0.011700  0.000010
-0.090000 -0.008000 -0.026900  0.000040
 0.037800  0.007500  0.018600  0.000040
 0.024300 -0.000700  0.009900  0.000040
-0.030400  0.004100  0.006200  0.000040
 0.036500  0.002800  0.010200  0.000040
 0.040600 -0.004600  0.002700  0.000040
-0.022700 -0.006100 -0.009600  0.000040
 0.014900  0.006900 -0.004800  0.000040
-0.030300 -0.012500 -0.017100  0.000040
 0.010500  0.024100  0.000400  0.000040
-0.014100 -0.013300 -0.009100  0.000040
 0.053000 -0.000400  0.018000  0.000040
-0.005000  0.016100 -0.003700  0.000040
-0.020600  0.009700 -0.004300  0.000040
 0.004100  0.007000 -0.001400  0.000040
-0.019400 -0.000100 -0.008100  0.000040
-0.007600 -0.000800 -0.006100  0.000040
 0.004400 -0.002300  0.003500  0.000040
 0.007100  0.005400  0.001000  0.000040
-0.004500 -0.014000  0.001200  0.000040
 0.024900  0.004800  0.008300  0.000040
 0.017500  0.014700  0.006000  0.000040
 0.030900 -0.014900 -0.000100  0.000000
-0.000500  0.004100 -0.006300  0.000000
 0.011300  0.009900  0.008100  0.000000
-0.030600  0.003200 -0.009300  0.000000
 0.006400  0.006200  0.004000  0.000000
-0.022500 -0.014000 -0.009700  0.000000
-0.025400  0.002400 -0.015400  0.000000
 0.003700  0.004700 -0.000900  0.000000
-0.035400 -0.004600 -0.010900  0.000000
 0.005000  0.019600 -0.019800  0.000000
 0.008700  0.003300 -0.008200  0.000000
-0.055200 -0.000400 -0.031000  0.000000
 0.043300 -0.010000  0.018100  0.000000
-0.018200 -0.011000 -0.011600  0.000000
 0.006700 -0.003400  0.006300  0.000000
 0.006200  0.005700 -0.003500  0.000000
 0.011300 -0.003400  0.000100  0.000000
 0.033800 -0.003100  0.019100  0.000000
-0.032900 -0.002100 -0.017600  0.000000
-0.021100  0.000900 -0.008800  0.000000
-0.000900  0.013000 -0.007500  0.000010
 0.014500 -0.004500 -0.018300  0.000010
-0.004500 -0.003200 -0.001800  0.000010
 0.015700  0.000400 -0.002100  0.000010
 0.028100  0.000600  0.018100  0.000010
 0.001300 -0.008700  0.001200  0.000010
-0.046400  0.008500 -0.020700  0.000010
 0.007300 -0.005000  0.006200  0.000010
 0.002700  0.003400 -0.007000  0.000010
-0.008900  0.006900 -0.009400  0.000010
-0.045700  0.009600 -0.020000  0.000010
-0.003800 -0.008000 -0.008600  0.000010
-0.011300 -0.002600 -0.013500  0.000010
-0.011900  0.000200 -0.010900  0.000010
-0.036600 -0.001800  0.007900  0.000010
 0.040800 -0.007800  0.022400  0.000010
-0.010700 -0.013200  0.002900  0.000010
-0.012300 -0.003900  0.014000  0.000010
-0.019400  0.015000 -0.015300  0.000010
-0.050200  0.000100 -0.002900  0.000000
-0.006400 -0.008200 -0.019000  0.000000
 0.026000  0.002600 -0.006300  0.000000
-0.042500 -0.005400 -0.022400  0.000000
 0.001600  0.004100 -0.006300  0.000000
-0.011300 -0.008600  0.004600  0.000000
 0.064400 -0.005200  0.026100  0.000000
 0.004100 -0.004800  0.005700  0.000000
 0.042400  0.013000  0.014200  0.000000
 0.006000  0.002300  0.003600  0.000000
-0.004900 -0.010100  0.006800  0.000000
 0.031400  0.006300  0.010000  0.000000
 0.022300  0.004600  0.028800  0.000000
-0.008100  0.005700 -0.015400  0.000000
-0.020500 -0.003100 -0.005400  0.000000
 0.069700 -0.004900  0.029500  0.000000
-0.020000 -0.012000 -0.010000  0.000000
 0.009000  0.011300  0.005400  0.000000
 0.025600  0.016900  0.000300  0.000000
-0.021700 -0.011600  0.003500  0.000000
-0.036500  0.013900 -0.031100  0.000000
 0.014400 -0.003200  0.009600  0.000000
 0.017300 -0.004400  0.012600  0.000000
 0.032000  0.014900  0.007800  0.000000
 0.011800 -0.001500  0.008100  0.000000
-0.009700 -0.005600 -0.005200  0.000000
-0.025000 -0.006000 -0.001500  0.000000
 0.013300  0.010200  0.000700  0.000000
 0.039800  0.006900  0.031700  0.000000
 0.003900 -0.006100  0.016900  0.000000
-0.019700 -0.002500 -0.022500  0.000000
 0.012500  0.000400  0.018900  0.000000
 0.016400  0.011600  0.000700  0.000000
 0.006200  0.007700  0.003100  0.000000
-0.045200 -0.001800 -0.033100  0.000000
 0.022900  0.009200  0.024600  0.000000
-0.005700  0.013200 -0.008100  0.000000
 0.009100 -0.018000  0.005100  0.000000
 0.019200  0.007000  0.000800  0.000000
-0.011400 -0.004300 -0.015600  0.000000
-0.002800  0.008600  0.000800  0.000000
 0.024600  0.007500  0.008600  0.000000
-0.000500 -0.004300 -0.003400  0.000000
 0.006000 -0.006300  0.003400  0.000000
 0.036000 -0.002900  0.023200  0.000000
-0.003400  0.001900 -0.000400  0.000000
 0.016000 -0.017900  0.022300  0.000000
-0.015500 -0.007100 -0.007300  0.000000
 0.027400  0.002800  0.024300  0.000000
-0.020900  0.010600 -0.020600  0.000000
-0.002800 -0.008700 -0.013800  0.000000
-0.031400 -0.013700 -0.013500  0.000000
 0.012600  0.005800  0.005700  0.000000
-0.010800  0.004800 -0.009000  0.000000
 0.033300  0.003400  0.016100  0.000000
 0.000400  0.000300 -0.007700  0.000000
-0.001900 -0.001300 -0.008800  0.000000
-0.016900  0.000900  0.000800  0.000000
-0.000100 -0.004000 -0.004300  0.000000
 0.028600  0.014200  0.004400  0.000000
-0.017500  0.001900 -0.011100  0.000000
 0.015200 -0.013200  0.005200  0.000000
 0.014700  0.004400 -0.001100  0.000000
 0.027300  0.012400 -0.003000  0.000000
 0.003200  0.007800 -0.001800  0.000000
-0.017300  0.009100 -0.010300  0.000000
 0.013800  0.001700  0.009300  0.000000
-0.003000  0.001000 -0.004300  0.000000
-0.002500 -0.008300  0.004700  0.000000
 0.005500  0.002700 -0.002400  0.000000
-0.003000 -0.003900 -0.002200  0.000000
 0.007200 -0.002300  0.002200  0.000000
-0.001300 -0.001500  0.000300  0.000000
-0.025600 -0.001900 -0.003200  0.000000
-0.013300 -0.001400 -0.001100  0.000000
-0.003100  0.009400 -0.011300  0.000000
 0.006900 -0.005300  0.003100  0.000000
 0.004100  0.003600 -0.001000  0.000000
-0.033500 -0.002700 -0.007100  0.000000
 0.002200 -0.010300  0.001200  0.000000
 0.009000  0.001800  0.000100  0.000000
 0.021800  0.007000  0.000700  0.000000
 0.000900  0.014300  0.001300  0.000000
 0.007800 -0.009800  0.003200  0.000000
-0.007800  0.002100 -0.000800  0.000000
 0.006000  0.015100  0.003100  0.000000
-0.028400 -0.006400 -0.010400  0.000000
-0.001700 -0.009200 -0.009800  0.000000
-0.019700  0.001700 -0.003800  0.000000
-0.003600 -0.005300 -0.010600  0.000000
 0.004900 -0.005200  0.011300  0.000000
-0.003400  0.007900 -0.002400  0.000000
 0.024400 -0.003900  0.012300  0.000000
 0.007300  0.002800  0.008200  0.000000
 0.031400  0.005800  0.012800  0.000000
 0.009600  0.004000 -0.000200  0.000000
-0.000100 -0.001000 -0.001800  0.000000
 0.013500  0.002800  0.005100  0.000000
 0.002500 -0.005900 -0.006700  0.000000
 0.000600  0.006200  0.002800  0.000000
 0.024600  0.006100  0.010900  0.000000
 0.004400  0.002300  0.003000  0.000000
 0.003400  0.000900  0.009600  0.000000
-0.003700  0.002900 -0.005400  0.000000
-0.006400 -0.000500 -0.008800  0.000000
 0.013400  0.003000  0.015200  0.000000
 0.002600 -0.001500  0.012100  0.000000
 0.018000  0.000900  0.017200  0.000000
 0.002600  0.004200  0.008100  0.000000
-0.002000 -0.008900  0.013300  0.000000
-0.007600 -0.010600  0.002200  0.000000
 0.013600  0.010900  0.009800  0.000000
-0.004400  0.004700  0.002800  0.000000
-0.013900 -0.001200 -0.009500  0.000000
 0.012400  0.004500  0.003600  0.000000
 0.008300 -0.002600  0.010800  0.000000
-0.010000 -0.012000 -0.001300  0.000000
-0.026100 -0.001100 -0.015800  0.000000
 0.012100  0.005200  0.011500  0.000000
 0.007000  0.003500 -0.002700  0.000000
 0.010800 -0.000100  0.007700  0.000000
 0.018400  0.003100  0.006900  0.000000
-0.000900  0.000200 -0.001300  0.000000
 0.002800  0.002700  0.005300  0.000000
-0.000800  0.001400  0.001500  0.000000
 0.003100 -0.002100  0.005700  0.000000
-0.001500 -0.004200  0.007500  0.000000
-0.009200 -0.003700 -0.008900  0.000000
-0.022200  0.000100 -0.017500  0.000000
-0.002800  0.000500 -0.005300  0.000000
 0.010700  0.001000  0.008800  0.000000
 0.014100  0.001100  0.004700  0.000000
 0.010400  0.001700  0.001400  0.000000
 0.007900  0.007900  0.007000  0.000000
 0.011200  0.004200  0.011300  0.000000
 0.000100  0.000900  0.000900  0.000000
 0.006500  0.001900  0.004700  0.000000
 0.006200  0.004900  0.007900  0.000000
 0.016300  0.004700  0.012300  0.000000
-0.003700  0.000200 -0.004400  0.000000
 0.002000  0.001000 -0.001600  0.000000
-0.004200 -0.001500 -0.006900  0.000000
 0.008500  0.000300  0.011700  0.000000
-0.010400  0.000700 -0.008000  0.000000
-0.012700 -0.006300 -0.012900  0.000000
-0.006500  0.001500 -0.003900  0.000000
 0.018200  0.003700  0.009500  0.000000
-0.001100 -0.000500  0.003700  0.000000
-0.003000 -0.005500 -0.006900  0.000000
-0.027300 -0.006500 -0.012900  0.000000
-0.005400 -0.002200 -0.003900  0.000000
 0.016100  0.001300  0.016900  0.000000
 0.014600  0.005400  0.002500  0.000000
 0.003100 -0.003000  0.004200  0.000000
 0.009700  0.002100  0.005600  0.000000
 0.005400  0.006200 -0.003600  0.000000
 0.003900 -0.005000  0.003000  0.000000
-0.002000  0.000900 -0.001300  0.000000
 0.017900  0.001000  0.009100  0.000000
 0.002500 -0.002100 -0.004900  0.000000
-0.008200 -0.000900 -0.010500  0.000000
 0.010000 -0.000100  0.001600  0.000000
-0.008000 -0.006500 -0.005200  0.000000
-0.008500 -0.001600 -0.003600  0.000000
 0.010300  0.000900  0.004600  0.000000
-0.012800 -0.007200 -0.011500  0.000000
-0.013300 -0.000300 -0.012400  0.000000
-0.006300 -0.005400 -0.006700  0.000000
-0.023900 -0.014300 -0.014200  0.000000
 0.023900 -0.003200  0.016700  0.000000
-0.028200 -0.000900 -0.017700  0.000000
 0.005000 -0.007800 -0.004300  0.000000
 0.005800  0.010000  0.008500  0.000000
 0.000700 -0.010800 -0.003600  0.000000
 0.019600  0.011100  0.006000  0.000000
 0.001600 -0.003100 -0.002900  0.000000
 0.023400 -0.004500  0.014700  0.000000
-0.000600 -0.008100  0.000000  0.000000
 0.005500  0.003000  0.002400  0.000000
-0.011700 -0.008900 -0.007300  0.000000
 0.006800  0.002900  0.000100  0.000000
 0.015600  0.012100  0.002800  0.000000
 0.001300 -0.001600 -0.001100  0.000000
-0.000900 -0.004400  0.003500  0.000000
-0.014100 -0.007600 -0.006400  0.000000
-0.004000  0.002200 -0.004900  0.000000
 0.013000  0.003900 -0.001300  0.000000
-0.001300 -0.002500 -0.002500  0.000000
 0.005800 -0.004800  0.002700  0.000000
-0.018500 -0.005300 -0.007700  0.000000
 0.003900 -0.003000  0.004600  0.000000
 0.014000  0.004900 -0.000100  0.000000
 0.002300  0.009600 -0.002000  0.000000
-0.008900 -0.003400 -0.001400  0.000000
 0.005600  0.015600  0.007200  0.000000
-0.001500  0.003600  0.000400  0.000000
-0.010600  0.000600 -0.001500  0.000000
 0.003600 -0.001900  0.000900  0.000000
 0.005400 -0.009400  0.000100  0.000000
 0.003200  0.002700  0.005500  0.000000
 0.008500  0.006200  0.003100  0.000000
-0.004600  0.002300 -0.004700  0.000000
 0.003300  0.004700  0.007100  0.000000
-0.012400  0.002400 -0.002500  0.000000
 0.006200  0.002800  0.000700  0.000000
 0.010000  0.002300  0.002500  0.000000
 0.004600  0.006000 -0.001900  0.000000
 0.004700  0.008200 -0.002800  0.000000
 0.005200 -0.000800  0.001600  0.000000
 0.001000 -0.001500 -0.003000  0.000000
-0.000900  0.000800 -0.000800  0.000000
-0.000700 -0.000400 -0.001800  0.000000
-0.008800 -0.001300  0.001500  0.000000
